DARACOD;AREA;Nota D;Nota T20;Aciertos;Errores;Blancos;Dobles;RESPUESTAS;PRUEBA;
POSCM0001;5;89;0;0;0;0;0;0;
POSCM0002;5;85;0;0;0;0;0;0;
POSCM0003;5;90;0;0;0;0;0;0;
POSCM0004;5;71;0;0;0;0;0;0;
POSCM0005;5;89;0;0;0;0;0;0;
POSCM0006;5;90;0;0;0;0;0;0;
POSCM0007;5;79;0;0;0;0;0;0;
POSCM0008;5;84;0;0;0;0;0;0;
POSCM0009;5;0;0;0;0;0;0;0;
POSCM0010;5;91;0;0;0;0;0;0;
POSCM0011;5;92;0;0;0;0;0;0;
POSCM0012;5;95;0;0;0;0;0;0;
POSCM0013;5;81;0;0;0;0;0;0;
POSCM0014;5;83;0;0;0;0;0;0;
POSCM0015;5;91;0;0;0;0;0;0;
POSCM0016;5;78;0;0;0;0;0;0;
POSCM0017;5;76;0;0;0;0;0;0;
POSCM0018;5;92;0;0;0;0;0;0;
POSCM0019;5;90;0;0;0;0;0;0;
POSCM0020;5;88;0;0;0;0;0;0;
POSCM0021;5;93;0;0;0;0;0;0;
POSCM0022;5;87;0;0;0;0;0;0;
POSCM0023;5;81;0;0;0;0;0;0;
POSCM0024;5;86;0;0;0;0;0;0;
POSCM0025;5;87;0;0;0;0;0;0;
POSCM0026;5;93;0;0;0;0;0;0;
POSCM0027;5;91;0;0;0;0;0;0;
POSCM0028;5;86;0;0;0;0;0;0;
POSCM0029;5;90;0;0;0;0;0;0;
POSCM0030;5;78;0;0;0;0;0;0;
POSCM0031;5;98;0;0;0;0;0;0;
POSCM0032;5;85;0;0;0;0;0;0;
POSCM0033;5;96;0;0;0;0;0;0;
POSCM0034;5;88;0;0;0;0;0;0;
POSCM0035;5;88;0;0;0;0;0;0;
POSCM0036;5;93;0;0;0;0;0;0;
POSCM0037;5;97;0;0;0;0;0;0;
POSCM0038;5;78;0;0;0;0;0;0;
POSCM0039;5;76;0;0;0;0;0;0;
POSCM0040;5;86;0;0;0;0;0;0;
POSCM0041;5;87;0;0;0;0;0;0;
POSCM0042;5;88;0;0;0;0;0;0;
POSCM0043;5;75;0;0;0;0;0;0;
POSCM0044;5;81;0;0;0;0;0;0;
POSCM0045;5;90;0;0;0;0;0;0;
POSCM0046;5;82;0;0;0;0;0;0;
POSCM0047;5;88;0;0;0;0;0;0;
POSCM0048;5;89;0;0;0;0;0;0;
POSCM0049;5;84;0;0;0;0;0;0;
POSCM0050;5;0;0;0;0;0;0;0;
POSCM0051;5;0;0;0;0;0;0;0;
POSCM0052;5;80;0;0;0;0;0;0;0;
POSCM0053;5;86;0;0;0;0;0;0;
POSCM0054;5;88;0;0;0;0;0;0;
POSCM0055;5;87;0;0;0;0;0;0;
POSCM0056;5;88;0;0;0;0;0;0;
POSCM0057;5;78;0;0;0;0;0;0;
POSCM0058;5;88;0;0;0;0;0;0;
POSCM0059;5;0;0;0;0;0;0;0;
POSCM0060;5;88;0;0;0;0;0;0;
POSCM0061;5;95;0;0;0;0;0;0;
POSCM0062;5;93;0;0;0;0;0;0;
POSCM0063;5;87;0;0;0;0;0;0;
POSCM0064;5;88;0;0;0;0;0;0;
POSCM0065;5;93;0;0;0;0;0;0;
POSCM0066;5;84;0;0;0;0;0;0;
POSCM0067;5;88;0;0;0;0;0;0;
POSCM0068;5;88;0;0;0;0;0;0;
POSCM0069;5;0;0;0;0;0;0;0;
POSCM0070;5;87;0;0;0;0;0;0;
POSCM0071;5;90;0;0;0;0;0;0;
POSCM0072;5;83;0;0;0;0;0;0;
POSCM0073;5;89;0;0;0;0;0;0;
POSCM0074;5;88;0;0;0;0;0;0;
POSCM0075;5;82;0;0;0;0;0;0;
POSCM0076;5;83;0;0;0;0;0;0;
POSCM0077;5;85;0;0;0;0;0;0;
POSCM0078;5;0;0;0;0;0;0;0;
POSCM0079;5;91;0;0;0;0;0;0;
POSCM0080;5;85;0;0;0;0;0;0;
POSCM0081;5;80;0;0;0;0;0;0;
POSCM0082;5;80;0;0;0;0;0;0;
POSCM0083;5;91;0;0;0;0;0;0;
POSCM0084;5;88;0;0;0;0;0;0;
POSCM0085;5;92;0;0;0;0;0;0;
POSCM0086;5;87;0;0;0;0;0;0;
POSCM0087;5;89;0;0;0;0;0;0;
POSCM0088;5;88;0;0;0;0;0;0;
POSCM0089;5;86;0;0;0;0;0;0;
POSCM0090;5;91;0;0;0;0;0;0;
POSCM0091;5;90;0;0;0;0;0;0;
POSCM0092;5;83;0;0;0;0;0;0;
POSCM0093;5;88;0;0;0;0;0;0;
POSCM0094;5;0;0;0;0;0;0;0;
POSCM0095;5;83;0;0;0;0;0;0;
POSCM0096;5;88;0;0;0;0;0;0;
POSCM0097;5;86;0;0;0;0;0;0;
POSCM0098;5;85;0;0;0;0;0;0;
POSCM0099;5;86;0;0;0;0;0;0;
POSCM0100;5;84;0;0;0;0;0;0;0;
POSCM0101;5;77;0;0;0;0;0;0;
POSCM0102;5;0;0;0;0;0;0;0;
POSCM0103;5;88;0;0;0;0;0;0;
POSCM0104;5;82;0;0;0;0;0;0;
POSCM0105;5;0;0;0;0;0;0;0;
POSCM0106;5;82;0;0;0;0;0;0;
POSCM0107;5;90;0;0;0;0;0;0;
POSCM0108;5;84;0;0;0;0;0;0;
POSCM0109;5;0;0;0;0;0;0;0;
POSCM0110;5;90;0;0;0;0;0;0;
POSCM0111;5;79;0;0;0;0;0;0;
POSCM0112;5;81;0;0;0;0;0;0;
POSCM0113;5;93;0;0;0;0;0;0;
POSCM0114;5;90;0;0;0;0;0;0;
POSCM0115;5;81;0;0;0;0;0;0;
POSCM0116;5;95;0;0;0;0;0;0;
POSCM0117;5;79;0;0;0;0;0;0;
POSCM0118;5;0;0;0;0;0;0;0;
POSCM0119;5;89;0;0;0;0;0;0;
POSCM0120;5;92;0;0;0;0;0;0;
POSCM0121;5;0;0;0;0;0;0;0;
POSCM0122;5;88;0;0;0;0;0;0;
POSCM0123;5;85;0;0;0;0;0;0;
POSCM0124;5;86;0;0;0;0;0;0;
POSCM0125;5;91;0;0;0;0;0;0;
POSCM0126;5;84;0;0;0;0;0;0;
POSCM0127;5;92;0;0;0;0;0;0;
POSCM0128;5;86;0;0;0;0;0;0;
POSCM0129;5;82;0;0;0;0;0;0;
POSCM0130;5;83;0;0;0;0;0;0;
POSCM0131;5;0;0;0;0;0;0;0;
POSCM0132;5;0;0;0;0;0;0;0;
POSCM0133;5;0;0;0;0;0;0;0;
POSCM0134;5;89;0;0;0;0;0;0;0;
POSCM0135;5;0;0;0;0;0;0;0;
POSCM0136;5;90;0;0;0;0;0;0;
POSCM0137;5;89;0;0;0;0;0;0;
POSCM0138;5;90;0;0;0;0;0;0;
POSCM0139;5;77;0;0;0;0;0;0;
POSCM0140;5;90;0;0;0;0;0;0;
POSCM0141;5;87;0;0;0;0;0;0;
POSCM0142;5;92;0;0;0;0;0;0;
POSCM0143;5;93;0;0;0;0;0;0;
POSCM0144;5;94;0;0;0;0;0;0;
POSCM0145;5;82;0;0;0;0;0;0;
POSCM0146;5;0;0;0;0;0;0;0;
POSCM0147;5;89;0;0;0;0;0;0;
POSCM0148;5;0;0;0;0;0;0;0;
POSCM0149;5;77;0;0;0;0;0;0;
POSCM0150;5;0;0;0;0;0;0;0;
POSCM0151;5;86;0;0;0;0;0;0;
POSCM0152;5;90;0;0;0;0;0;0;
POSCM0153;5;0;0;0;0;0;0;0;
POSCM0154;5;80;0;0;0;0;0;0;
POSCM0155;5;89;0;0;0;0;0;0;
POSCM0156;5;86;0;0;0;0;0;0;
POSCM0157;5;87;0;0;0;0;0;0;
POSCM0158;5;91;0;0;0;0;0;0;
POSCM0159;5;85;0;0;0;0;0;0;
POSCM0160;5;82;0;0;0;0;0;0;
POSCM0161;5;86;0;0;0;0;0;0;
POSCM0162;5;90;0;0;0;0;0;0;
POSCM0169;5;91;0;0;0;0;0;0;
POSCM0170;5;89;0;0;0;0;0;0;
POSCM0171;5;88;0;0;0;0;0;0;
POSCM0172;5;94;0;0;0;0;0;0;
POSCM0173;5;87;0;0;0;0;0;0;
POSCM0174;5;85;0;0;0;0;0;0;
POSCM0175;5;85;0;0;0;0;0;0;
POSCM0176;5;94;0;0;0;0;0;0;
POSCM0177;5;91;0;0;0;0;0;0;
POSCM0178;5;87;0;0;0;0;0;0;
POSCM0179;5;91;0;0;0;0;0;0;
POSCM0180;5;97;0;0;0;0;0;0;
POSCM0181;5;94;0;0;0;0;0;0;
POSCM0182;5;89;0;0;0;0;0;0;
POSCM0183;5;79;0;0;0;0;0;0;