DARACOD;AREA;Nota D;Nota T20;Aciertos;Errores;Blancos;Dobles;RESPUESTAS;PRUEBA;
DARACOD00001;5;90;0;0;0;0;0;0;
DARACOD00002;5;92;0;0;0;0;0;0;
DARACOD00003;5;87;0;0;0;0;0;0;
DARACOD00004;5;83;0;0;0;0;0;0;
DARACOD00005;5;93;0;0;0;0;0;0;
DARACOD00006;5;98;0;0;0;0;0;0;
DARACOD00007;5;82;0;0;0;0;0;0;
DARACOD00008;5;92;0;0;0;0;0;0;
DARACOD00009;5;80;0;0;0;0;0;0;
DARACOD00010;5;89;0;0;0;0;0;0;
DARACOD00011;5;91;0;0;0;0;0;0;
DARACOD00012;5;84;0;0;0;0;0;0;
DARACOD00013;5;92;0;0;0;0;0;0;
DARACOD00014;5;88;0;0;0;0;0;0;
DARACOD00015;5;86;0;0;0;0;0;0;
DARACOD00016;5;89;0;0;0;0;0;0;
DARACOD00017;5;94;0;0;0;0;0;0;
DARACOD00018;5;95;0;0;0;0;0;0;
DARACOD00019;5;79;0;0;0;0;0;0;
DARACOD00020;5;84;0;0;0;0;0;0;
DARACOD00021;5;95;0;0;0;0;0;0;
DARACOD00022;5;91;0;0;0;0;0;0;
DARACOD00023;5;90;0;0;0;0;0;0;
DARACOD00024;5;78;0;0;0;0;0;0;
DARACOD00025;5;83;0;0;0;0;0;0;
DARACOD00026;5;82;0;0;0;0;0;0;
DARACOD00027;5;95;0;0;0;0;0;0;
DARACOD00028;5;85;0;0;0;0;0;0;
DARACOD00029;5;80;0;0;0;0;0;0;
DARACOD00030;5;89;0;0;0;0;0;0;
DARACOD00031;5;90;0;0;0;0;0;0;
DARACOD00032;5;78;0;0;0;0;0;0;
DARACOD00033;5;85;0;0;0;0;0;0;
DARACOD00034;5;81;0;0;0;0;0;0;
DARACOD00035;5;82;0;0;0;0;0;0;
DARACOD00036;5;83;0;0;0;0;0;0;
DARACOD00037;5;92;0;0;0;0;0;0;
DARACOD00038;5;83;0;0;0;0;0;0;
DARACOD00039;5;85;0;0;0;0;0;0;
DARACOD00040;5;83;0;0;0;0;0;0;
DARACOD00041;5;76;0;0;0;0;0;0;
DARACOD00042;5;85;0;0;0;0;0;0;
DARACOD00043;5;95;0;0;0;0;0;0;
DARACOD00044;5;88;0;0;0;0;0;0;
DARACOD00045;5;76;0;0;0;0;0;0;
DARACOD00046;5;93;0;0;0;0;0;0;
DARACOD00047;5;84;0;0;0;0;0;0;
DARACOD00048;5;87;0;0;0;0;0;0;
DARACOD00049;5;85;0;0;0;0;0;0;
DARACOD00050;5;85;0;0;0;0;0;0;
DARACOD00051;5;89;0;0;0;0;0;0;
DARACOD00052;5;80;0;0;0;0;0;0;
DARACOD00053;5;90;0;0;0;0;0;0;
DARACOD00054;5;70;0;0;0;0;0;0;
DARACOD00055;5;93;0;0;0;0;0;0;
DARACOD00056;5;92;0;0;0;0;0;0;
DARACOD00057;5;86;0;0;0;0;0;0;
DARACOD00058;5;89;0;0;0;0;0;0;
DARACOD00059;5;80;0;0;0;0;0;0;
DARACOD00060;5;92;0;0;0;0;0;0;
DARACOD00061;5;89;0;0;0;0;0;0;
DARACOD00062;5;83;0;0;0;0;0;0;
DARACOD00063;5;85;0;0;0;0;0;0;
DARACOD00064;5;85;0;0;0;0;0;0;
DARACOD00065;5;89;0;0;0;0;0;0;
DARACOD00066;5;80;0;0;0;0;0;0;
DARACOD00067;5;85;0;0;0;0;0;0;
DARACOD00068;5;84;0;0;0;0;0;0;
DARACOD00069;5;68;0;0;0;0;0;0;
DARACOD00070;5;91;0;0;0;0;0;0;
DARACOD00071;5;95;0;0;0;0;0;0;
DARACOD00072;5;91;0;0;0;0;0;0;
DARACOD00073;5;90;0;0;0;0;0;0;
DARACOD00074;5;84;0;0;0;0;0;0;
DARACOD00075;5;88;0;0;0;0;0;0;
DARACOD00076;5;86;0;0;0;0;0;0;
DARACOD00077;5;90;0;0;0;0;0;0;
DARACOD00078;5;96;0;0;0;0;0;0;
DARACOD00079;5;83;0;0;0;0;0;0;
DARACOD00080;5;81;0;0;0;0;0;0;
DARACOD00081;5;89;0;0;0;0;0;0;
DARACOD00082;5;89;0;0;0;0;0;0;
DARACOD00083;5;86;0;0;0;0;0;0;
DARACOD00084;5;90;0;0;0;0;0;0;
DARACOD00085;5;90;0;0;0;0;0;0;
DARACOD00086;5;91;0;0;0;0;0;0;
DARACOD00087;5;87;0;0;0;0;0;0;
DARACOD00088;5;85;0;0;0;0;0;0;
DARACOD00089;5;84;0;0;0;0;0;0;
DARACOD00090;5;89;0;0;0;0;0;0;
DARACOD00091;5;87;0;0;0;0;0;0;
DARACOD00092;5;89;0;0;0;0;0;0;
DARACOD00093;5;81;0;0;0;0;0;0;
DARACOD00094;5;89;0;0;0;0;0;0;
DARACOD00095;5;90;0;0;0;0;0;0;
DARACOD00096;5;77;0;0;0;0;0;0;
DARACOD00097;5;92;0;0;0;0;0;0;
DARACOD00098;5;84;0;0;0;0;0;0;
DARACOD00099;5;96;0;0;0;0;0;0;
DARACOD00100;5;80;0;0;0;0;0;0;
DARACOD00101;5;84;0;0;0;0;0;0;
DARACOD00102;5;93;0;0;0;0;0;0;
DARACOD00103;5;81;0;0;0;0;0;0;
DARACOD00104;5;87;0;0;0;0;0;0;
DARACOD00105;5;86;0;0;0;0;0;0;
DARACOD00106;5;84;0;0;0;0;0;0;
DARACOD00107;5;90;0;0;0;0;0;0;
DARACOD00108;5;89;0;0;0;0;0;0;
DARACOD00109;5;90;0;0;0;0;0;0;
DARACOD00110;5;84;0;0;0;0;0;0;
DARACOD00111;5;90;0;0;0;0;0;0;
DARACOD00112;5;91;0;0;0;0;0;0;
DARACOD00113;5;86;0;0;0;0;0;0;
DARACOD00114;5;85;0;0;0;0;0;0;
DARACOD00115;5;91;0;0;0;0;0;0;
DARACOD00116;5;82;0;0;0;0;0;0;
DARACOD00117;5;93;0;0;0;0;0;0;
DARACOD00118;5;70;0;0;0;0;0;0;
DARACOD00119;5;91;0;0;0;0;0;0;
DARACOD00120;5;88;0;0;0;0;0;0;
DARACOD00121;5;96;0;0;0;0;0;0;
DARACOD00122;5;93;0;0;0;0;0;0;
DARACOD00123;5;88;0;0;0;0;0;0;
DARACOD00124;5;82;0;0;0;0;0;0;
DARACOD00125;5;86;0;0;0;0;0;0;
DARACOD00126;5;94;0;0;0;0;0;0;
DARACOD00127;5;91;0;0;0;0;0;0;
DARACOD00128;5;87;0;0;0;0;0;0;
DARACOD00129;5;84;0;0;0;0;0;0;
DARACOD00130;5;87;0;0;0;0;0;0;
DARACOD00131;5;82;0;0;0;0;0;0;
DARACOD00132;5;82;0;0;0;0;0;0;
DARACOD00133;5;92;0;0;0;0;0;0;
DARACOD00134;5;89;0;0;0;0;0;0;
DARACOD00135;5;88;0;0;0;0;0;0;
DARACOD00136;5;84;0;0;0;0;0;0;
DARACOD00137;5;70;0;0;0;0;0;0;
DARACOD00138;5;83;0;0;0;0;0;0;
DARACOD00139;5;91;0;0;0;0;0;0;
DARACOD00140;5;84;0;0;0;0;0;0;
DARACOD00141;5;79;0;0;0;0;0;0;
DARACOD00142;5;85;0;0;0;0;0;0;
DARACOD00143;5;88;0;0;0;0;0;0;
DARACOD00144;5;85;0;0;0;0;0;0;
DARACOD00145;5;89;0;0;0;0;0;0;
DARACOD00146;5;84;0;0;0;0;0;0;
DARACOD00147;5;90;0;0;0;0;0;0;
DARACOD00148;5;85;0;0;0;0;0;0;
DARACOD00149;5;99;0;0;0;0;0;0;
DARACOD00150;5;92;0;0;0;0;0;0;
DARACOD00151;5;93;0;0;0;0;0;0;
DARACOD00152;5;79;0;0;0;0;0;0;
DARACOD00153;5;89;0;0;0;0;0;0;
DARACOD00154;5;94;0;0;0;0;0;0;
DARACOD00155;5;89;0;0;0;0;0;0;
DARACOD00156;5;93;0;0;0;0;0;0;
DARACOD00157;5;89;0;0;0;0;0;0;
DARACOD00158;5;86;0;0;0;0;0;0;
DARACOD00159;5;90;0;0;0;0;0;0;
DARACOD00160;5;90;0;0;0;0;0;0;
DARACOD00162;5;79;0;0;0;0;0;0;
DARACOD00163;5;89;0;0;0;0;0;0;